00000000000000000000000000000000
00000000000000000000000000000000
00000000000000000000000000000000
00000000000000000000000000000000
00000000000000000000000000000000
00000000000000000000000000000000
00000000000000000000000000000000
00003322222222233222222222333300
00033222222222332222222223320230
00332222222223322222222233020230
00332222222223322222222233020230
03333333333333333333333332020230
03333333333333333333333332020230
03322222222233222222222332020330
03322222222233222222222332023330
03322222222233222222222332033230
03322222222233222222222332330230
03322222223333332222222333320230
03333333333333333333333333020230
03333333333300333333333332020230
03322222223333332222222332020230
03322222222233222222222332020230
03322222222233222222222332020300
03322222222233222222222332023000
03322222222233222222222332030000
03333333333333333333333332300000
03333333333333333333333333000000
00000000000000000000000000000000
