00000000000000000000000000000000
03333333333333333333333333333330
03333333333300000000333333333330
03333333330022202202003333333330
03333333302022202202220333333330
03333330022022202202220003333330
03333302022022202202220220333330
03333022022022202202220222033330
03330022022022202202220222003330
03302022022022202202220222020330
03022022022022202202220222022030
03022022022022202202220222022030
03022022022022202202220222022030
03032022022022202202220222023030
03033333333333303333333333333030
03033333333333303333333333333030
03032022022022202202220222023030
03022022022022202202220222022030
03022022022022202202220222022030
03022022022022303202220222022030
03022022022022202202220222022030
03032022022022202202220222023030
03033333333333303333333333333030
03033333333333303333333333333030
03032022022022202202220222023030
03022022022022202202220222022030
03022022022022202202220222022030
00000000000000000000000000000000
