00000200000100000200000100000200
00001010002020001010002020001010
00000200000100000200000100000200
00200000100000200000100000200000
01010002020001010002020001010000
00200000100000200000100000200000
00000200000100000200000100000200
00001010002020001010002020001010
00000200000100000200000100000200
00200000100000200000100000200000
01010002020001010002020001010000
00200000100000200000100000200000
00000200000100000200000100000200
00001010002020001010002020001010
00000200000100000200000100000200
00200000100000200000100000200000
01010002020001010002020001010000
00200000100000200000100000200000
00000200000100000200000100000200
00001010002020001010002020001010
00000200000100000200000100000200
00200000100000200000100000200000
01010002020001010002020001010000
00200000100000200000100000200000
00000200000100000200000100000200
00001010002020001010002020001010
00000200000100000200000100000200
00000000000000000000000000000000
