00200000100000200000100000200000
01010002020001010002020001010000
00200000100000200000100000200000
00000100000200000100000200000100
00002020001010002020001010002020
00000100000200000100000200000100
00200000100000200000100000200000
01010002020001010002020001010000
00200000100000200000100000200000
00000100000200000100000200000100
00002020001010002020001010002020
00000100000200000100000200000100
00200000100000200000100000200000
01010002020001010002020001010000
00200000100000200000100000200000
00000100000200000100000200000100
00002020001010002020001010002020
00000100000200000100000200000100
00200000100000200000100000200000
01010002020001010002020001010000
00200000100000200000100000200000
00000100000200000100000200000100
00002020001010002020001010002020
00000100000200000100000200000100
00200000100000200000100000200000
01010002020001010002020001010000
00200000100000200000100000200000
00000000000000000000000000000000
