00000000000000000000000000000000
00000000000000000000000000000000
00000000000000000000000000000000
00030000000000000000003000000000
00000000000000000000000000000000
00000000000000000000000000000000
00000000000000000000000000000000
00000000000300000330000000003000
00000000000000000300000000000000
00000000000000000000000000000000
00000000000000000000000000000000
00000003000000000000000000000000
00000000000000000000000000000000
00000000000000000000000000000000
00000000000000000000000000000000
00000000000000000000000000000000
00000000000000000000000000300000
00000000000000000000000000330000
00000000000000000003000000000000
00000000000000000000000000000000
00000300000000000000000000000000
00003300000000000000000000000000
00000000000000000000000000000000
00000000000000000000000000000000
00000000000030000000000030000000
00000000000000000000000000000000
00000000000000000000000000000000
00000000000000000000000000000000
