00000000000003333000000000000000
00000000000033333300000000011000
00000000000033333300000000011000
00000000000033333300000000011000
00000000000033333300000000011000
00000000000000000000000000011000
11111111111111022222222000011000
11111222111111022222222200011000
11112222211111022222202200011000
11111111221111022222200220011000
11111111221111022222200220011000
11111122211111022222000022222220
11111122111111022220000002222200
01112221111110222220000000011000
00112211111102222220000000011000
00011222111033333333000000000000
00001122110333333333300000000000
00000111103333333333330000000000
00000011033333333333333000000000
00000000333333000033333300000000
00000003333300000000333330000000
00000003333000000000033330000000
00000033330000000000003333000000
00000033330000000000003333000000
00000022220000000000002222000000
00002222220000000000002222220000
00022222220000000000002222222000
00022222220000000000002222222000
