00000000000000000000000000000000
00000000000000000000000000000000
00000000000000000000000000000000
00000000000001111100000000000000
00000000000111111111000000000000
00000000011111111111110000000000
00000000111131311111111000000000
00000001113313111111111100000000
00000001131331313111111100000000
00000011313333331311111110000000
00000013133333313111111110000000
00000111313333313131111111000000
00000111133331333311111111000000
00000111113331331131111111000000
00000111111333113111111111000000
00000111113131311111111111000000
00000011111113111111111110000000
00000011111111111111111110000000
00000001111111111111111100000000
00000001111111111111111100000000
00000000111111111111111000000000
00000000011111111111110000000000
00000000000111111111000000000000
00000000000001111100000000000000
00000000000000000000000000000000
00000000000000000000000000000000
00000000000000000000000000000000
00000000000000000000000000000000
