00000000000000000000000000000000
02222222222222222222222222222220
02300000000000000000000000000320
02030000000000000000000000003020
02003000000000000000000000030020
02000000000000000000000000000020
02000030000000000000000003000020
02000003000000000000000030000020
02000000000000000000000000000020
02000000030000000000003000000020
02000000000000000000000000000020
02000000000000000000000000000020
02000000000000000000000000000020
02000000000000000000000000000020
02000000000000000000000000000020
02000000000000000000000000000020
02000000000000000000000000000020
02000000000000000000000000000020
02000000030000000000003000000020
02000000000000000000000000000020
02000003000000000000000030000020
02000030000000000000000003000020
02000000000000000000000000000020
02003000000000000000000000030020
02030000000000000000000000003020
02300000000000000000000000000320
02222222222222222222222222222220
00000000000000000000000000000000
