22222222222222222222222222222222
22222222222222222222222222222222
00000000000000000000000000000022
00000000000000000000000000000022
03333300000000000000000000000022
03333300000000000000000000000022
03333330000000000000000000000022
03333303333300000000000000000022
03333303333300000000000000000022
03333303333330000000000000000022
03333303333303333300000000000022
03333303333303333300000000000022
03333303333303333330000000000022
03333303333303333303333300000022
03333303333303333303333300000022
03333303333303333303333330000022
03333303333303333303333303333022
03333303333303333303333303333022
03333303333303333303333303333022
03333303333303333303333303333022
03333303333303333303333303333022
03333303333303333303333303333022
03333303333303333303333303333022
03333303333303333303333303333022
03333303333303333303333303333022
00000000000000000000000000000022
22222222222222222222222222222222
22222222222222222222222222222222
