00000000000000000000000000000000
03333300000000000000000000000000
03333330000000000000000000000000
03333303333300000000000000000000
03333303333330000000000000000000
03333303333303333300000000000000
03333303333303333330000000000000
03333303333303333303333300000000
03333303333303333303333330000000
03333303333303333303333303333300
03333303333303333303333303333300
03333303333303333303333303333300
03333303333303333303333303333300
03333303333303333303333303333300
03333303333303333303333303333300
03333303333303333303333303333300
03333303333303333303333303333300
02222203333303333303333303333300
03232323333303333303333303333300
03232322222203333303333303333300
03232323232323333303333303333300
03232323232322222203333303333300
03232323232323232323333303333300
03232323232323232322222203333300
03232323232323232323232323333300
03232323232323232323232322222200
03232323232323232323232323232300
00000000000000000000000000000000
