00000000000000000000000000000000
03333333333333333333333333333330
03322222222222222222222222222330
03232222222222222222222222223230
03223222222222222222222222232230
03222333333333333333333333322230
03222331111111111111111113322230
03222313111111111111111131322230
03222311311111111111111311322230
03222311133333333333333111322230
03222311133222222222233111322230
03222311132322222222323111322230
03222311132233333333223111322230
03222311132231111113223111322230
03222311132231111113223111322230
03222311132233333333223111322230
03222311132322222222323111322230
03222311133222222222233111322230
03222311133333333333333111322230
03222311311111111111111311322230
03222313111111111111111131322230
03222331111111111111111113322230
03222333333333333333333333322230
03223222222222222222222222232230
03232222222222222222222222223230
03322222222222222222222222222330
03333333333333333333333333333330
00000000000000000000000000000000
