03000033000033000003300003300003
30300300300300300030030030030030
00303000303000030300003030003030
03003000300300030300003003003030
30000333000033300033330000330003
00330000033000003000000330000300
03003300300300030300033003003030
03000030300030300030300003030003
03000300300030300030300030030030
00333000033300033300033300003300
30000033000003000003000003300003
03000300300330330030330030030030
00303000303000003030003030003030
00303003000300003030003003003030
33000330000033330003330000330003
00030000333000000300000330000300
00303003000300033030003003003030
03000303000030300003030003030030
03000303003300300030030003003030
00333000330000033300003330000300
30000030000033000003300000330003
03000303300300300030030003003030
00303000030300030300030030003030
00300300300300030030030003030030
33000033000033300003300300300003
00033000033000003300003030003300
00300300300300330030030030030030
00033000033000003300003300003300
