00000000000002222220000000000000
00000000000022000022000000000000
00000000000222211222200000000000
00000000000222211222200000000000
00000000000022211222000000000000
00000000000002231220000000000000
00000000000002211220000000000000
00000000000002211220000000000000
00000000000002211220000000000000
00000000000002213220000000000000
00000000000002211220000000000000
00000000002222211222220000000000
00000002221111111111112220000000
00002221111111111111111112220000
00021111113333333333331111112000
00211133331111111111113333111200
00213311111111133111111111331200
02131111333333311333333311113120
02131113111111111111111131113120
02131113111111111111111131113120
02131111333333311333333311113120
00213311111111133111111111331200
00211133331111111111113333111200
00021111113333333333331111112000
00002221111111111111111112220000
00000002221111111111112220000000
00000000002222222222220000000000
00000000000000000000000000000000
