00000000000002222220000000000000
00000000000022000022000000000000
00000000000222211222200000000000
00000000000222213222200000000000
00000000000022211222000000000000
00000000000002211220000000000000
00000000000002211220000000000000
00000000000002231220000000000000
00000000000002211220000000000000
00000000000002211220000000000000
00000000000002213220000000000000
00000000002222211222220000000000
00000002221111111111112220000000
00002221111111111111111112220000
00021111111111111111111111112000
00211111111333333333311111111200
00211113333111111111133331111200
02111131111111333311111113111120
02111111111113111131111111111120
02111111111113111131111111111120
02111131111111333311111113111120
00211113333111111111133331111200
00211111111333333333311111111200
00021111111111111111111111112000
00002221111111111111111112220000
00000002221111111111112220000000
00000000002222222222220000000000
00000000000000000000000000000000
