00000000000000000000000000000000
00000000000000000000000000000000
00000000000000000000000000000000
00000000000000000000000000000000
00000000000000000000000000000000
00000000000000030000000000000000
00000000000000303000000000000000
00000000000000030000000000000000
00000000000000000000000000000000
00000000000000000000000000000000
00000300000000000000000000000000
00003030000000000000000000000000
00000300000000000000000000000000
00000000000000000000000000000000
00000000000000000000003000000000
00000000000000000000030300000000
00000000000000000000003000000000
00000000000000000000000000000000
00000000000000000000000000000000
00000000000000000000000000000000
00000000000000000000000000000000
00000000000030000000000000000000
00000000000303000000000000300000
00000000000030000000000003030000
00000000000000000000000000300000
00000000000000000000000000000000
00000000000000000000000000000000
00000000000000000000000000000000
