00000000000000000000000000000000
00000000000000000000000000000000
00000000000000000000000000000000
00000000000000000000000000030000
00000300000000000000000000303000
00003030000000000000000000030000
00000300000000000000000000000000
00000000000000000000000000000000
00000000000000030000000000000000
00000000000000303000000000000000
00000000000000030000000000000000
00000000000000000000000000000000
00000000000000000000000000000000
00000000000000000000000000000000
00000000000000000000000000000000
00000000000000000000000000000000
00000000000000000000000000000000
00000003000000000000000000000000
00000030300000000000030000000000
00000003000000000000303000000000
00000000000000000000030000000000
00000000000000000000000000000000
00000000000000000000000000000000
00000000000000000000000000000000
00000000000000000000000000000000
00000000000000000000000000000000
00000000000000000000000000000000
00000000000000000000000000000000
