000000000000000000000000000000000000000000000000
000000000000000000000002000000000000000000000200
000000000000000000000220200000000002000000002020
000000000002000000002000020000000220200000020002
020000000020200000220000020000022000020002200000
202000002200020002000000002000200000020020000000
000200020000002220000000000222000000002200000000
000020200000002000000000000020000000000200000000
000002000000000200000000000002000000000020000000
000020000000000020000000000002000000000002000000
002200000000000002000000000000200000000002000000
020000000000000000200000000000020000000000200000
200000000000000000020000000000002000000000020000
000000000000000000000000000000000000000000000000
000000000000000000000000000000000000000000000000
000000000000000000000000000000000000000000000000
000000000000000000000000000000000000000000000000
003000000000003003000003000003000300000000003000
000003000300000000003000000000000003000000300000
030000000000300000000000030000300000003000000030
000000300030000000000000000000000000000000300000
033000000000000000330000000000000000000000000330
000000000000000000000000000033000000000000000000
000000000003300000000000000000000000003300000000
000000000000000000000000000000000000000000000000
000003300000000000000000002200200000000000000000
000000000000000000000000000222202000000000033000
000000000000000000000000000000222200000000000000
000000000000033300000000000000222220000000000000
000000000000033300001000000000220220022000000000
000000000000033300001000000000000220220000000000
000330000000000000001000000000000222200000000000
000330011111110222001000000000000022220020000000
000000011221110220201000000000000222222220200000
000000011112110220022200000000002220020222200000
000000011121110200001000000000022000000222220000
000000001211102200000000000020220000000000200000
033000000121033330000000000022200000000002220000
033000000010333333000000000000000000000000020000
000000000003300033300000000000000003300000000000
000000000033000003300000000000000003300000000000
000000000022000002200000330000000000000000000000
000000000222000002220000330000000000000000000330
000000002222000002222000000000000000000000000330
000000000000000000000000000000003300000000000000
000003300000000000000000000000003300000000000000
000003300000000000000000000000000000000000000000
000000000000000000000000000000000000000000000000
