22222222222222222222222222222222
20000033000000000000000033000002
02000033000000000000000033000020
00200033333333333333333333000200
00020033000000000000000033002000
00002233222222222222222233220000
00000033000000000000000033000000
00000033000000000000000033000000
00000033333333333333333333000000
00000033000000000000000033000000
00000033000000000000000033000000
00000033000000000000000033000000
00000033000000000000000033000000
00000033333333333333333333000000
00000033000000000000000033000000
00000033000000000000000033000000
00000033000000000000000033000000
00000033000000000000000033000000
00000033333333333333333333000000
00000033000000000000000033000000
00000033000000000000000033000000
00000033000000000000000033000000
00002233222222222222222233220000
00020033333333333333333333002000
00200033000000000000000033000200
02000033000000000000000033000020
20000033000000000000000033000002
22222222222222222222222222222222
