000003333000000000000000000000000000000000000000
000033003300000000000000000000000000000000000000
000330000330000000000000000000000000000000000000
003300000033000000000000000000000000333000333000
333000000003300000000000000000000000033000033000
033000000003300000000000000000000000033000033000
033000000003300000000000000000000000033000033000
033000000033000000000000000000000000033000033000
033000000330000000000000000000000000033000033000
033000003300000000000000000000000000033033333333
033000033000000000000000000000000000033000033000
033003330000000000000000000000000000033000033000
033000000000000000000000000000000000033000033000
033000000000000000000000000000000000033000033000
033000000003333300330033300033000033033000033000
033000000330000030330300030033000003033000033000
033000000330000030333000003033000003033000033000
033000000330000030330000003033000003033000033000
033000000333333300330000003033000003033000033000
033000000330000000330000003033000003033000033000
033000000330000000330000003033000003033000033000
033000000330000000330000003033000003033000033000
033000000330000030330000003033000003033000033000
033000000030000030330000003000300030033000033000
333000000003333300330000003000033300033000033000
000000000000000000000000030000000000000000000000
000000000000000000000003300000000000000000000000
000000000000000000000000000000000000000000000000
