00000000000000000000000000000000
00000000000000000000000000000000
00000000000000000000000000000000
00020000000000000000002000000000
00000000000000000000000000000000
00000000000000000000000000000000
00000000000000000000000000000000
00000000000200000220000000002000
00000000000000000200000000000000
00000000000000000000000000000000
00000000000000000000000000000000
00000002000000000000000000000000
00000000000000000000000000000000
00000000000000000000000000000000
00000000000000000000000000000000
00000000000000000000000000000000
00000000000000000000000000200000
00000000000000000000000000220000
00000000000000000002000000000000
00000000000000000000000000000000
00000200000000000000000000000000
00002200000000000000000000000000
00000000000000000000000000000000
00000000000000000000000000000000
00000000000020000000000020000000
00000000000000000000000000000000
00000000000000000000000000000000
00000000000000000000000000000000
