00000000000000000000000000000000
03333333333333333333333333333330
03311111111111111111111111111330
03131111111111111111111111113130
03113111111111111111111111131130
03111333333333333333333333311130
03111332222222222222222223311130
03111323222222222222222232311130
03111322322222222222222322311130
03111322233333333333333222311130
03111322233111111111133222311130
03111322231311111111313222311130
03111322231133333333113222311130
03111322231132222223113222311130
03111322231132222223113222311130
03111322231133333333113222311130
03111322231311111111313222311130
03111322233111111111133222311130
03111322233333333333333222311130
03111322322222222222222322311130
03111323222222222222222232311130
03111332222222222222222223311130
03111333333333333333333333311130
03113111111111111111111111131130
03131111111111111111111111113130
03311111111111111111111111111330
03333333333333333333333333333330
00000000000000000000000000000000
